234
243
245
560
628
675
287
352
693
99
272
273
274
282
285
346
350
639
566
708
732
942
118
125
129
135
170
193
787
823
824
121
74
91
94
95
98
185
830
111
159
401
404
415
416
477
479
489
597
77
78
88
256
259
522
798
93
113
117
79
80
83
86
261
295
296
297
298
299
311
312
313
316
319
321
326
327
328
329
330
331
338
347
354
547
614
760
780
916
242
676
402
668
926
22
35
73
494
501
502
749
248
252
134
200
201
209
215
359
497
526
530
532
538
548
611
615
665
918
829
20
90
103
104
112
115
183
345
434
470
472
601
618
915
1174
1236
223
190
191
192
195
196
197
398
506
511
514
656
366
367
421
441
642
757
384
89
564
943
377
382
557
691
15
454
114
426
427